# ['Tue Apr 29 15:45:37 PDT 2014']
27.208 33.380 23.868 21.558 15.578
34.441 31.757 20.152 34.143 18.681
11.651 11.913 34.535 20.780 31.133
30.725 33.746 28.229 32.579 20.573
28.526 18.841 24.211 28.445 34.418
17.278 23.697 32.927 23.366 25.206
13.129 33.137 28.553 35.406 14.939
35.877 28.593 33.665 24.848 34.206
16.802 19.630 11.251 34.646 23.088
35.054 24.102 12.544 21.428 19.767
14.519 18.839 17.943 22.466 28.421
25.260 34.010 32.711 34.135 27.172
15.672 34.777 22.876 14.734 20.543
33.089 17.154 35.690 20.127 16.547
34.431 16.435 31.898 15.088 16.632
24.591 35.594 30.560 31.244 30.044
22.807 26.683 18.737 23.205 29.572
18.702 33.545 27.912 28.350 30.459
19.392 20.447 25.938 19.748 35.277
17.697 22.160 11.246 34.258 15.879
24.215 35.609 20.446 21.105 12.390
28.990 25.522 31.042 21.123 23.778
19.515 29.652 22.151 29.642 30.679
29.082 18.044 25.595 25.970 22.025
16.485 19.170 15.686 18.523 10.727
25.657 12.967 35.139 20.568 16.742
28.755 22.142 25.031 10.910 26.451
35.016 34.887 26.102 24.741 20.445
12.406 10.817 24.740 22.301 19.921
16.764 29.015 29.551 11.602 28.132
18.240 17.117 34.260 16.726 28.575
29.758 12.721 33.729 20.481 25.261
21.459 36.151 28.876 25.412 34.208
10.892 10.877 12.495 33.493 11.487
19.760 23.369 11.350 12.588 33.027
27.032 25.897 26.419 32.782 31.954
29.426 13.136 25.779 10.824 30.363
29.455 25.324 16.687 30.842 12.604
16.111 26.160 21.101 20.311 18.736
11.183 28.119 35.442 29.448 23.144
30.389 32.765 13.787 34.224 31.996
18.986 32.370 33.779 33.547 35.241
33.512 27.410 32.323 31.796 12.039
30.575 27.973 35.378 34.908 17.941
32.928 17.241 14.903 12.986 12.572
31.761 29.482 19.958 30.678 21.862
20.054 26.736 19.619 12.769 31.473
32.219 19.464 16.141 10.720 13.716
25.511 28.310 29.193 25.505 14.086
24.713 15.253 19.249 17.496 11.647
24.385 34.223 14.649 16.309 21.136
32.991 21.901 18.355 20.123 22.367
17.235 22.110 30.907 19.306 16.207
30.399 13.362 31.495 30.931 25.991
22.581 11.470 23.727 12.572 28.567
14.859 17.586 27.032 30.816 17.359
31.991 18.855 21.284 26.624 29.045
18.655 25.028 31.846 13.364 32.969
15.730 12.049 19.308 19.148 29.020
29.205 12.883 32.067 33.631 31.710
15.529 28.480 12.107 14.192 33.472
19.366 22.810 11.864 15.045 18.926
12.922 35.324 17.798 20.671 27.168
12.573 26.084 11.888 22.772 17.472
34.783 26.928 19.878 27.669 35.803
15.988 29.989 19.365 24.648 32.272
26.440 21.865 28.564 13.161 30.194
20.745 30.548 10.900 27.537 15.861
22.517 11.635 23.631 16.178 22.870
13.700 21.431 32.862 22.741 33.861
16.857 35.766 11.996 34.094 15.071
21.915 15.057 25.852 17.136 13.633
12.558 19.152 29.437 26.130 22.894
29.882 14.181 16.017 33.604 26.489
30.423 18.368 16.261 18.173 30.523
30.551 30.672 22.475 29.167 31.922
12.711 13.985 19.803 18.991 35.647
16.633 12.286 33.256 35.975 15.569
23.021 22.223 29.065 24.451 34.771
12.590 12.577 16.868 30.958 18.641
15.288 21.433 27.846 22.592 30.777
32.104 16.395 13.203 34.256 24.805
34.596 20.709 31.197 28.102 14.308
21.442 35.841 20.176 19.060 30.230
30.675 17.696 31.542 21.833 28.739
14.562 20.128 25.624 29.403 14.581
29.461 27.536 19.214 13.327 23.523
15.852 25.871 14.868 19.592 32.146
16.935 12.272 13.711 26.754 26.960
29.739 23.788 14.508 29.511 35.517
16.559 11.160 29.324 29.582 34.025
15.318 12.909 22.621 14.038 16.597
31.255 22.099 35.888 18.478 18.795
31.130 26.862 12.876 29.904 15.754
15.870 29.934 11.577 29.608 25.669
33.210 32.123 25.639 30.762 26.150
32.946 36.127 27.550 21.783 20.446
18.950 31.246 29.140 20.547 22.359
30.198 34.081 17.765 16.855 21.679
20.894 31.043 24.693 19.923 31.736
